"","A","C","G","T","N"
"AAAAA",NA,0.168399168399168,0.727650727650728,0.103950103950104,NA
"AAAAC",NA,0.191268191268191,0.704781704781705,0.103950103950104,NA
"AAAAG",NA,0.166320166320166,0.723492723492724,0.11018711018711,NA
"AAAAT",NA,0.0909090909090909,0.863636363636364,0.0454545454545455,NA
"AAAAN",NA,0.154224154224154,0.75489037989038,0.0908854658854659,NA
"AAACA",NA,0.141509433962264,0.632075471698113,0.226415094339623,NA
"AAACC",NA,0.0704225352112676,0.676056338028169,0.253521126760563,NA
"AAACG",NA,0.144607843137255,0.634803921568627,0.220588235294118,NA
"AAACT",NA,0.171428571428571,0.528571428571429,0.3,NA
"AAACN",NA,0.13199209593484,0.617876789966585,0.250131114098576,NA
"AAAGA",NA,0.0869565217391304,0.826086956521739,0.0869565217391304,NA
"AAAGC",NA,0.104906937394247,0.788494077834179,0.106598984771574,NA
"AAAGG",NA,0.106060606060606,0.792929292929293,0.101010101010101,NA
"AAAGT",NA,0.12,0.84,0.04,NA
"AAAGN",NA,0.104481016298496,0.811877581821303,0.0836414018802013,NA
"AAATA",NA,0.159763313609467,0.575936883629191,0.264299802761341,NA
"AAATC",NA,0.125,0.7,0.175,NA
"AAATG",NA,0.158823529411765,0.576470588235294,0.264705882352941,NA
"AAATT",NA,0.0869565217391304,0.478260869565217,0.434782608695652,NA
"AAATN",NA,0.132635841190091,0.582667085357426,0.284697073452484,NA
"AAANA",NA,0.139157109427508,0.690437509874943,0.17040538069755,NA
"AAANC",NA,0.122899415968426,0.717333030161013,0.15976755387056,NA
"AAANG",NA,0.143953036232448,0.681924131556484,0.174122832211068,NA
"AAANT",NA,0.117323546019198,0.677617165443252,0.205059288537549,NA
"AAANN",NA,0.130833276911895,0.691827959258923,0.177338763829182,NA
"AACAA",0.04,NA,0.28,0.68,NA
"AACAC",0.163265306122449,NA,0.0204081632653061,0.816326530612245,NA
"AACAG",0.0896551724137931,NA,0.103448275862069,0.806896551724138,NA
"AACAT",0.125490196078431,NA,0.0843137254901961,0.790196078431373,NA
"AACAN",0.104602668653668,NA,0.122042541154393,0.773354790191939,NA
"AACCA",0.0913705583756345,NA,0.187817258883249,0.720812182741117,NA
"AACCC",0.0563380281690141,NA,0.0985915492957746,0.845070422535211,NA
"AACCG",0.109278350515464,NA,0.108247422680412,0.782474226804124,NA
"AACCT",0.116788321167883,NA,0.0437956204379562,0.839416058394161,NA
"AACCN",0.0934438145569989,NA,0.109612962824348,0.796943222618653,NA
"AACGA",0.0714285714285714,NA,0.0357142857142857,0.892857142857143,NA
"AACGC",0.103448275862069,NA,0.0344827586206897,0.862068965517241,NA
"AACGG",0.0689655172413793,NA,0.0344827586206897,0.896551724137931,NA
"AACGT",0.0740740740740741,NA,0.037037037037037,0.888888888888889,NA
"AACGN",0.0794791096515234,NA,0.0354292099981755,0.885091680350301,NA
"AACTA",0.105960264900662,NA,0.317880794701987,0.576158940397351,NA
"AACTC",0.0219298245614035,NA,0.285087719298246,0.692982456140351,NA
"AACTG",0.07421875,NA,0.19140625,0.734375,NA
"AACTT",0.274509803921569,NA,0.245098039215686,0.480392156862745,NA
"AACTN",0.119154660845909,NA,0.25986820080398,0.620977138350112,NA
"AACNA",0.077189848676217,NA,0.20535308482488,0.717457066498903,NA
"AACNC",0.0862453586787339,NA,0.109642547620004,0.804112093701262,NA
"AACNG",0.0855294475426591,NA,0.109396176790793,0.805074375666548,NA
"AACNT",0.147715598810489,NA,0.102561105545219,0.749723295644292,NA
"AACNN",0.0991700634270248,NA,0.131738228695224,0.769091707877751,NA
"AAGAA",0.848484848484849,0.121212121212121,NA,0.0303030303030303,NA
"AAGAC",0.801335559265442,0.138564273789649,NA,0.0601001669449082,NA
"AAGAG",0.80033698399326,0.138163437236731,NA,0.0614995787700084,NA
"AAGAT",0.723880597014925,0.145522388059701,NA,0.130597014925373,NA
"AAGAN",0.793509497189619,0.135865555074551,NA,0.07062494773583,NA
"AAGCA",0.64,0.32,NA,0.04,NA
"AAGCC",0.736842105263158,0.131578947368421,NA,0.131578947368421,NA
"AAGCG",0.72864,0.2256,NA,0.04576,NA
"AAGCT",0.729241877256318,0.23826714801444,NA,0.0324909747292419,NA
"AAGCN",0.708680995629869,0.228861523845715,NA,0.0624574805244157,NA
"AAGGA",0.818574514038877,0.0993520518358531,NA,0.08207343412527,NA
"AAGGC",0.823529411764706,0.10239651416122,NA,0.0740740740740741,NA
"AAGGG",0.821029082774049,0.102908277404922,NA,0.0760626398210291,NA
"AAGGT",0.827655310621243,0.104208416833667,NA,0.0681362725450902,NA
"AAGGN",0.822697079799719,0.102216315058916,NA,0.0750866051413658,NA
"AAGTA",0.673003802281369,0.250950570342205,NA,0.0760456273764259,NA
"AAGTC",0.744186046511628,0.209302325581395,NA,0.0465116279069767,NA
"AAGTG",0.779220779220779,0.175324675324675,NA,0.0454545454545455,NA
"AAGTT",0.764705882352941,0.176470588235294,NA,0.0588235294117647,NA
"AAGTN",0.740279127591679,0.203012039870893,NA,0.0567088325374282,NA
"AAGNA",0.745015791201274,0.197878685847545,NA,0.0571055229511815,NA
"AAGNC",0.776473280701234,0.145460515225171,NA,0.078066204073595,NA
"AAGNG",0.782306711497022,0.160499097491582,NA,0.0571941910113957,NA
"AAGNT",0.761370916811357,0.166117135285776,NA,0.0725119479028675,NA
"AAGNN",0.766291675052721,0.167488858462519,NA,0.0662194664847599,NA
"AATAA",0.391304347826087,0.344202898550725,0.264492753623188,NA,NA
"AATAC",0.4,0.341818181818182,0.258181818181818,NA,NA
"AATAG",0.395604395604396,0.344322344322344,0.26007326007326,NA,NA
"AATAT",0.138888888888889,0.305555555555556,0.555555555555556,NA,NA
"AATAN",0.331449408079843,0.333974745061702,0.334575846858456,NA,NA
"AATCA",0.485714285714286,0.228571428571429,0.285714285714286,NA,NA
"AATCC",0.283333333333333,0.483333333333333,0.233333333333333,NA,NA
"AATCG",0.284745762711864,0.477966101694915,0.23728813559322,NA,NA
"AATCT",0.282958199356913,0.485530546623794,0.231511254019293,NA,NA
"AATCN",0.334187895279099,0.418850352555868,0.246961752165033,NA,NA
"AATGA",0.386473429951691,0.444444444444444,0.169082125603865,NA,NA
"AATGC",0.388625592417062,0.445497630331754,0.165876777251185,NA,NA
"AATGG",0.382882882882883,0.45045045045045,0.166666666666667,NA,NA
"AATGT",0.403669724770642,0.435779816513761,0.160550458715596,NA,NA
"AATGN",0.390412907505569,0.444043085435102,0.165544007059328,NA,NA
"AATTA",0.266497461928934,0.540609137055838,0.192893401015228,NA,NA
"AATTC",0.268170426065163,0.536340852130326,0.195488721804511,NA,NA
"AATTG",0.375,0.475,0.15,NA,NA
"AATTT",0.272020725388601,0.536269430051813,0.191709844559585,NA,NA
"AATTN",0.295422153345675,0.522054854809494,0.182522991844831,NA,NA
"AATNA",0.382497381355249,0.389456977155609,0.228045641489142,NA,NA
"AATNC",0.335032337953889,0.451747499403399,0.213220162642712,NA,NA
"AATNG",0.359558260299786,0.436934724116928,0.203507015583287,NA,NA
"AATNT",0.274384384601261,0.440783837186231,0.284831778212507,NA,NA
"AATNN",0.337868091052546,0.429730759465542,0.232401149481912,NA,NA
"AANAA",NA,NA,NA,NA,NA
"AANAC",NA,NA,NA,NA,NA
"AANAG",NA,NA,NA,NA,NA
"AANAT",NA,NA,NA,NA,NA
"AANAN",NA,NA,NA,NA,NA
"AANCA",NA,NA,NA,NA,NA
"AANCC",NA,NA,NA,NA,NA
"AANCG",NA,NA,NA,NA,NA
"AANCT",NA,NA,NA,NA,NA
"AANCN",NA,NA,NA,NA,NA
"AANGA",NA,NA,NA,NA,NA
"AANGC",NA,NA,NA,NA,NA
"AANGG",NA,NA,NA,NA,NA
"AANGT",NA,NA,NA,NA,NA
"AANGN",NA,NA,NA,NA,NA
"AANTA",NA,NA,NA,NA,NA
"AANTC",NA,NA,NA,NA,NA
"AANTG",NA,NA,NA,NA,NA
"AANTT",NA,NA,NA,NA,NA
"AANTN",NA,NA,NA,NA,NA
"AANNA",NA,NA,NA,NA,NA
"AANNC",NA,NA,NA,NA,NA
"AANNG",NA,NA,NA,NA,NA
"AANNT",NA,NA,NA,NA,NA
"AANNN",NA,NA,NA,NA,NA
"ACAAA",NA,0.234200743494424,0.557620817843866,0.20817843866171,NA
"ACAAC",NA,0.23134328358209,0.559701492537313,0.208955223880597,NA
"ACAAG",NA,0.242647058823529,0.558823529411765,0.198529411764706,NA
"ACAAT",NA,0.235507246376812,0.565217391304348,0.199275362318841,NA
"ACAAN",NA,0.235924583069214,0.560340807774323,0.203734609156463,NA
"ACACA",NA,0.153846153846154,0.5,0.346153846153846,NA
"ACACC",NA,0.189119170984456,0.455958549222798,0.354922279792746,NA
"ACACG",NA,0.180628272251309,0.463350785340314,0.356020942408377,NA
"ACACT",NA,0.188442211055276,0.452261306532663,0.35929648241206,NA
"ACACN",NA,0.178008952034299,0.467892660273944,0.354098387691757,NA
"ACAGA",NA,0.153846153846154,0.692307692307692,0.153846153846154,NA
"ACAGC",NA,0.144215530903328,0.56418383518225,0.291600633914422,NA
"ACAGG",NA,0.144654088050314,0.564465408805031,0.290880503144654,NA
"ACAGT",NA,0.145085803432137,0.564742589703588,0.290171606864275,NA
"ACAGN",NA,0.146950394057983,0.596424881499641,0.256624724442376,NA
"ACATA",NA,0.182136602451839,0.434325744308231,0.38353765323993,NA
"ACATC",NA,0.1875,0.296875,0.515625,NA
"ACATG",NA,0.192307692307692,0.538461538461538,0.269230769230769,NA
"ACATT",NA,0.105263157894737,0.447368421052632,0.447368421052632,NA
"ACATN",NA,0.166801863163567,0.4292576759556,0.403940460880833,NA
"ACANA",NA,0.181007413409643,0.546063563614947,0.27292902297541,NA
"ACANC",NA,0.188044496367468,0.46917971923559,0.342775784396941,NA
"ACANG",NA,0.190059277858211,0.531275315504662,0.278665406637127,NA
"ACANT",NA,0.168574604689741,0.507397427148308,0.324027968161952,NA
"ACANN",NA,0.181921448081266,0.513479006375877,0.304599545542857,NA
"ACCAA",0.171673819742489,NA,0.0450643776824034,0.783261802575107,NA
"ACCAC",0.169265033407572,NA,0.0423162583518931,0.788418708240535,NA
"ACCAG",0.104895104895105,NA,0.027972027972028,0.867132867132867,NA
"ACCAT",0.220588235294118,NA,0.0294117647058824,0.75,NA
"ACCAN",0.166605548334821,NA,0.0361911071780517,0.797203344487127,NA
"ACCCA",0.269230769230769,NA,0.230769230769231,0.5,NA
"ACCCC",0.206896551724138,NA,0.0919540229885057,0.701149425287356,NA
"ACCCG",0.213483146067416,NA,0.0955056179775281,0.691011235955056,NA
"ACCCT",0.2,NA,0.0888888888888889,0.711111111111111,NA
"ACCCN",0.222402616755581,NA,0.126779440156038,0.650817943088381,NA
"ACCGA",0.0997320381845587,NA,0.132054932172165,0.768213029643276,NA
"ACCGC",0.0997570985844711,NA,0.132088114582461,0.768154786833068,NA
"ACCGG",0.0997823539260003,NA,0.132010714883643,0.768206931190357,NA
"ACCGT",0.0997403902520727,NA,0.132065991123022,0.768193618624906,NA
"ACCGN",0.0997529702367757,NA,0.132054938190323,0.768192091572902,NA
"ACCTA",0.141592920353982,NA,0.117256637168142,0.741150442477876,NA
"ACCTC",0.0188679245283019,NA,0.169811320754717,0.811320754716981,NA
"ACCTG",0.0897435897435897,NA,0.141025641025641,0.769230769230769,NA
"ACCTT",0.144144144144144,NA,0.117117117117117,0.738738738738739,NA
"ACCTN",0.0985871446925045,NA,0.136302679016404,0.765110176291091,NA
"ACCNA",0.17055738687795,NA,0.131286294447985,0.698156318674065,NA
"ACCNC",0.123696652061121,NA,0.109042429169394,0.767260918769485,NA
"ACCNG",0.126976048658028,NA,0.09912850046471,0.773895450877262,NA
"ACCNT",0.166118192422584,NA,0.0918709404587275,0.742010867118689,NA
"ACCNN",0.14683707000492,NA,0.107832041135204,0.745330888859875,NA
"ACGAA",0.777777777777778,0.037037037037037,NA,0.185185185185185,NA
"ACGAC",0.8,0.04,NA,0.16,NA
"ACGAG",0.8,0.04,NA,0.16,NA
"ACGAT",0.807692307692308,0.0384615384615385,NA,0.153846153846154,NA
"ACGAN",0.796367521367521,0.0388746438746439,NA,0.164757834757835,NA
"ACGCA",0.843373493975904,0.0843373493975904,NA,0.072289156626506,NA
"ACGCC",0.841463414634146,0.0853658536585366,NA,0.0731707317073171,NA
"ACGCG",0.841463414634146,0.0853658536585366,NA,0.0731707317073171,NA
"ACGCT",0.844444444444444,0.0777777777777778,NA,0.0777777777777778,NA
"ACGCN",0.84268619192216,0.0832117086231103,NA,0.0741020994547295,NA
"ACGGA",0.774197915256532,0.144713686205496,NA,0.0810883985379721,NA
"ACGGC",0.774182630474514,0.144723482028024,NA,0.0810938874974616,NA
"ACGGG",0.774152054701781,0.144743077652156,NA,0.0811048676460632,NA
"ACGGT",0.774152054701781,0.144743077652156,NA,0.0811048676460632,NA
"ACGGN",0.774171163783652,0.144730830884458,NA,0.08109800533189,NA
"ACGTA",0.8,0.0666666666666667,NA,0.133333333333333,NA
"ACGTC",0.8,0.0666666666666667,NA,0.133333333333333,NA
"ACGTG",0.8,0.0666666666666667,NA,0.133333333333333,NA
"ACGTT",0.774193548387097,0.0645161290322581,NA,0.161290322580645,NA
"ACGTN",0.793548387096774,0.0661290322580645,NA,0.140322580645161,NA
"ACGNA",0.798837296752553,0.0831886848266975,NA,0.117974018420749,NA
"ACGNC",0.803911511277165,0.0841890005883068,NA,0.111899488134528,NA
"ACGNG",0.803903867333982,0.0841938994943399,NA,0.111902233171678,NA
"ACGNT",0.800120588806407,0.0813746307309326,NA,0.11850478046266,NA
"ACGNN",0.801693316042527,0.0832365539100692,NA,0.115070130047404,NA
"ACTAA",0.408163265306122,0.459183673469388,0.13265306122449,NA,NA
"ACTAC",0.6,0.32,0.08,NA,NA
"ACTAG",0.404040404040404,0.45959595959596,0.136363636363636,NA,NA
"ACTAT",0.344827586206897,0.620689655172414,0.0344827586206897,NA,NA
"ACTAN",0.439257813888356,0.46486732205944,0.095874864052204,NA,NA
"ACTCA",0.158088235294118,0.650735294117647,0.191176470588235,NA,NA
"ACTCC",0.147482014388489,0.661870503597122,0.190647482014388,NA,NA
"ACTCG",0.152416356877323,0.654275092936803,0.193308550185874,NA,NA
"ACTCT",0.171428571428571,0.714285714285714,0.114285714285714,NA,NA
"ACTCN",0.157353794497125,0.670291651234322,0.172354554268553,NA,NA
"ACTGA",0.308016877637131,0.523206751054852,0.168776371308017,NA,NA
"ACTGC",0.301204819277108,0.534136546184739,0.164658634538153,NA,NA
"ACTGG",0.318181818181818,0.5,0.181818181818182,NA,NA
"ACTGT",0.304526748971193,0.534979423868313,0.160493827160494,NA,NA
"ACTGN",0.307982566016813,0.523080680276976,0.168936753706211,NA,NA
"ACTTA",0.0952380952380952,0.571428571428571,0.333333333333333,NA,NA
"ACTTC",0.134408602150538,0.682795698924731,0.182795698924731,NA,NA
"ACTTG",0.142857142857143,0.619047619047619,0.238095238095238,NA,NA
"ACTTT",0.140625,0.682291666666667,0.177083333333333,NA,NA
"ACTTN",0.128282210061444,0.638890889016897,0.232826900921659,NA,NA
"ACTNA",0.242376618368867,0.551138572517615,0.206484809113519,NA,NA
"ACTNC",0.295773858954034,0.549700687176648,0.154525453869318,NA,NA
"ACTNG",0.254373930489172,0.558229667895095,0.187396401615732,NA,NA
"ACTNT",0.240351976651665,0.638061614998277,0.121586408350058,NA,NA
"ACTNN",0.258219096115934,0.574282635646909,0.167498268237157,NA,NA
"ACNAA",NA,NA,NA,NA,NA
"ACNAC",NA,NA,NA,NA,NA
"ACNAG",NA,NA,NA,NA,NA
"ACNAT",NA,NA,NA,NA,NA
"ACNAN",NA,NA,NA,NA,NA
"ACNCA",NA,NA,NA,NA,NA
"ACNCC",NA,NA,NA,NA,NA
"ACNCG",NA,NA,NA,NA,NA
"ACNCT",NA,NA,NA,NA,NA
"ACNCN",NA,NA,NA,NA,NA
"ACNGA",NA,NA,NA,NA,NA
"ACNGC",NA,NA,NA,NA,NA
"ACNGG",NA,NA,NA,NA,NA
"ACNGT",NA,NA,NA,NA,NA
"ACNGN",NA,NA,NA,NA,NA
"ACNTA",NA,NA,NA,NA,NA
"ACNTC",NA,NA,NA,NA,NA
"ACNTG",NA,NA,NA,NA,NA
"ACNTT",NA,NA,NA,NA,NA
"ACNTN",NA,NA,NA,NA,NA
"ACNNA",NA,NA,NA,NA,NA
"ACNNC",NA,NA,NA,NA,NA
"ACNNG",NA,NA,NA,NA,NA
"ACNNT",NA,NA,NA,NA,NA
"ACNNN",NA,NA,NA,NA,NA
"AGAAA",NA,0.322404371584699,0.524590163934426,0.153005464480874,NA
"AGAAC",NA,0.310344827586207,0.53448275862069,0.155172413793103,NA
"AGAAG",NA,0.277777777777778,0.416666666666667,0.305555555555556,NA
"AGAAT",NA,0.3,0.517647058823529,0.182352941176471,NA
"AGAAN",NA,0.302631744237171,0.498346662011328,0.199021593751501,NA
"AGACA",NA,0.228395061728395,0.54320987654321,0.228395061728395,NA
"AGACC",NA,0.241830065359477,0.535947712418301,0.222222222222222,NA
"AGACG",NA,0.23489932885906,0.543624161073825,0.221476510067114,NA
"AGACT",NA,0.25,0.524390243902439,0.225609756097561,NA
"AGACN",NA,0.238781113986733,0.536792998484444,0.224425887528823,NA
"AGAGA",NA,0.254054054054054,0.632432432432432,0.113513513513514,NA
"AGAGC",NA,0.244565217391304,0.635869565217391,0.119565217391304,NA
"AGAGG",NA,0.241573033707865,0.634831460674157,0.123595505617978,NA
"AGAGT",NA,0.241935483870968,0.634408602150538,0.123655913978495,NA
"AGAGN",NA,0.245531947256048,0.63438551511863,0.120082537625323,NA
"AGATA",NA,0.258064516129032,0.559907834101382,0.182027649769585,NA
"AGATC",NA,0.262790697674419,0.544186046511628,0.193023255813953,NA
"AGATG",NA,0.181818181818182,0.666666666666667,0.151515151515152,NA
"AGATT",NA,0.235294117647059,0.509803921568627,0.254901960784314,NA
"AGATN",NA,0.234491878317173,0.570141117212076,0.195367004470751,NA
"AGANA",NA,0.265729500874045,0.565035076752863,0.169235422373092,NA
"AGANC",NA,0.264882702002852,0.562621520692002,0.172495777305146,NA
"AGANG",NA,0.234017080540721,0.565447238770329,0.20053568068895,NA
"AGANT",NA,0.256807400379507,0.546562456611283,0.19663014300921,NA
"AGANN",NA,0.255359170949281,0.559916573206619,0.184724255844099,NA
"AGCAA",0.0553191489361702,NA,0.148936170212766,0.795744680851064,NA
"AGCAC",0.0932203389830508,NA,0.135593220338983,0.771186440677966,NA
"AGCAG",0.092964824120603,NA,0.0753768844221105,0.831658291457286,NA
"AGCAT",0.123595505617978,NA,0.0224719101123595,0.853932584269663,NA
"AGCAN",0.0912749544144504,NA,0.0955945462715548,0.813130499313995,NA
"AGCCA",0.077319587628866,NA,0.164948453608247,0.757731958762887,NA
"AGCCC",0.0901287553648069,NA,0.117310443490701,0.792560801144492,NA
"AGCCG",0.0896159317211949,NA,0.116642958748222,0.793741109530583,NA
"AGCCT",0.0752212389380531,NA,0.115044247787611,0.809734513274336,NA
"AGCCN",0.0830713784132302,NA,0.128486525908695,0.788442095678075,NA
"AGCGA",0.272727272727273,NA,0.0303030303030303,0.696969696969697,NA
"AGCGC",0.263157894736842,NA,0.0263157894736842,0.710526315789474,NA
"AGCGG",0.28125,NA,0.03125,0.6875,NA
"AGCGT",0.291666666666667,NA,0.0416666666666667,0.666666666666667,NA
"AGCGN",0.277200458532695,NA,0.0323838716108453,0.690415669856459,NA
"AGCTA",0.037037037037037,NA,0.277777777777778,0.685185185185185,NA
"AGCTC",0.0231788079470199,NA,0.259933774834437,0.716887417218543,NA
"AGCTG",0.0576923076923077,NA,0.201923076923077,0.740384615384615,NA
"AGCTT",0.0294117647058824,NA,0.367647058823529,0.602941176470588,NA
"AGCTN",0.0368299793455617,NA,0.276820422089705,0.686349598564733,NA
"AGCNA",0.110600761582336,NA,0.155491357975455,0.733907880442208,NA
"AGCNC",0.11742144925793,NA,0.134788307034451,0.747790243707619,NA
"AGCNG",0.130380765883526,NA,0.106298230023352,0.763321004093121,NA
"AGCNT",0.129973793982145,NA,0.136707470847542,0.733318735170314,NA
"AGCNN",0.122094192676484,NA,0.1333213414702,0.744584465853315,NA
"AGGAA",0.817005545286506,0.0739371534195934,NA,0.1090573012939,NA
"AGGAC",0.816849816849817,0.0732600732600733,NA,0.10989010989011,NA
"AGGAG",0.761904761904762,0.142857142857143,NA,0.0952380952380952,NA
"AGGAT",0.818181818181818,0.0727272727272727,NA,0.109090909090909,NA
"AGGAN",0.803485485555726,0.0906954105660205,NA,0.105819103878254,NA
"AGGCA",0.85,0.0458333333333333,NA,0.104166666666667,NA
"AGGCC",0.832926829268293,0.0774390243902439,NA,0.0896341463414634,NA
"AGGCG",0.833537331701346,0.0771113831089351,NA,0.0893512851897185,NA
"AGGCT",0.80952380952381,0.0735930735930736,NA,0.116883116883117,NA
"AGGCN",0.831496992623362,0.0684942036063965,NA,0.100008803770241,NA
"AGGGA",0.841201716738197,0.055793991416309,NA,0.103004291845494,NA
"AGGGC",0.820960698689956,0.074235807860262,NA,0.104803493449782,NA
"AGGGG",0.832599118942731,0.0572687224669604,NA,0.110132158590308,NA
"AGGGT",0.832618025751073,0.055793991416309,NA,0.111587982832618,NA
"AGGGN",0.83184489003049,0.0607731282899601,NA,0.10738198167955,NA
"AGGTA",0.75,0.0625,NA,0.1875,NA
"AGGTC",0.666666666666667,0.19047619047619,NA,0.142857142857143,NA
"AGGTG",0.760705289672544,0.113350125944584,NA,0.125944584382872,NA
"AGGTT",0.59,0.07,NA,0.34,NA
"AGGTN",0.691842989084803,0.109081579105194,NA,0.199075431810004,NA
"AGGNA",0.814551815506176,0.0595161195423089,NA,0.125932064951515,NA
"AGGNC",0.784351002868683,0.103852773996692,NA,0.111796223134624,NA
"AGGNG",0.797186625555346,0.0976468435944057,NA,0.105166530850248,NA
"AGGNT",0.762580913364175,0.0680285844341638,NA,0.169390502201661,NA
"AGGNN",0.789667589323595,0.0822610803918927,NA,0.128071330284512,NA
"AGTAA",0.378787878787879,0.435606060606061,0.185606060606061,NA,NA
"AGTAC",0.384313725490196,0.423529411764706,0.192156862745098,NA,NA
"AGTAG",0.375,0.428030303030303,0.196969696969697,NA,NA
"AGTAT",0.41025641025641,0.384615384615385,0.205128205128205,NA,NA
"AGTAN",0.387089503633621,0.417945290004114,0.194965206362265,NA,NA
"AGTCA",0.264705882352941,0.617647058823529,0.117647058823529,NA,NA
"AGTCC",0.111111111111111,0.822222222222222,0.0666666666666667,NA,NA
"AGTCG",0.150753768844221,0.738693467336683,0.110552763819095,NA,NA
"AGTCT",0.113207547169811,0.773584905660377,0.113207547169811,NA,NA
"AGTCN",0.159944577369521,0.738036913510703,0.102018509119776,NA,NA
"AGTGA",0.303225806451613,0.516129032258065,0.180645161290323,NA,NA
"AGTGC",0.321212121212121,0.515151515151515,0.163636363636364,NA,NA
"AGTGG",0.253521126760563,0.52112676056338,0.225352112676056,NA,NA
"AGTGT",0.301282051282051,0.519230769230769,0.179487179487179,NA,NA
"AGTGN",0.294810276426587,0.517909519300932,0.187280204272481,NA,NA
"AGTTA",0.210526315789474,0.526315789473684,0.263157894736842,NA,NA
"AGTTC",0.203389830508475,0.497175141242938,0.299435028248588,NA,NA
"AGTTG",0.209580838323353,0.520958083832335,0.269461077844311,NA,NA
"AGTTT",0.216666666666667,0.5,0.283333333333333,NA,NA
"AGTTN",0.210040912821992,0.511112253637239,0.278846833540769,NA,NA
"AGTNA",0.289311470845477,0.523924485290335,0.186764043864189,NA,NA
"AGTNC",0.255006697080476,0.564519572595345,0.180473730324179,NA,NA
"AGTNG",0.247213933482034,0.552202153690675,0.20058391282729,NA,NA
"AGTNT",0.260353168843735,0.544357764876633,0.195289066279632,NA,NA
"AGTNN",0.26297131756293,0.546250994113247,0.190777688323822,NA,NA
"AGNAA",NA,NA,NA,NA,NA
"AGNAC",NA,NA,NA,NA,NA
"AGNAG",NA,NA,NA,NA,NA
"AGNAT",NA,NA,NA,NA,NA
"AGNAN",NA,NA,NA,NA,NA
"AGNCA",NA,NA,NA,NA,NA
"AGNCC",NA,NA,NA,NA,NA
"AGNCG",NA,NA,NA,NA,NA
"AGNCT",NA,NA,NA,NA,NA
"AGNCN",NA,NA,NA,NA,NA
"AGNGA",NA,NA,NA,NA,NA
"AGNGC",NA,NA,NA,NA,NA
"AGNGG",NA,NA,NA,NA,NA
"AGNGT",NA,NA,NA,NA,NA
"AGNGN",NA,NA,NA,NA,NA
"AGNTA",NA,NA,NA,NA,NA
"AGNTC",NA,NA,NA,NA,NA
"AGNTG",NA,NA,NA,NA,NA
"AGNTT",NA,NA,NA,NA,NA
"AGNTN",NA,NA,NA,NA,NA
"AGNNA",NA,NA,NA,NA,NA
"AGNNC",NA,NA,NA,NA,NA
"AGNNG",NA,NA,NA,NA,NA
"AGNNT",NA,NA,NA,NA,NA
"AGNNN",NA,NA,NA,NA,NA
"ATAAA",NA,0.118518518518519,0.585185185185185,0.296296296296296,NA
"ATAAC",NA,0.0677966101694915,0.474576271186441,0.457627118644068,NA
"ATAAG",NA,0.121140142517815,0.57957244655582,0.299287410926366,NA
"ATAAT",NA,0.117788461538462,0.581730769230769,0.300480769230769,NA
"ATAAN",NA,0.106310933186072,0.555266168039554,0.338422898774375,NA
"ATACA",NA,0.182758620689655,0.368965517241379,0.448275862068966,NA
"ATACC",NA,0.180539273153576,0.369284876905041,0.450175849941383,NA
"ATACG",NA,0.18075117370892,0.369718309859155,0.449530516431925,NA
"ATACT",NA,0.178571428571429,0.373271889400922,0.44815668202765,NA
"ATACN",NA,0.180655124030895,0.370310148351624,0.449034727617481,NA
"ATAGA",NA,0.123076923076923,0.569230769230769,0.307692307692308,NA
"ATAGC",NA,0.04,0.68,0.28,NA
"ATAGG",NA,0.0294117647058824,0.617647058823529,0.352941176470588,NA
"ATAGT",NA,0.127596439169139,0.56379821958457,0.308605341246291,NA
"ATAGN",NA,0.0800212817379862,0.607669011909717,0.312309706352297,NA
"ATATA",NA,0.15625,0.625,0.21875,NA
"ATATC",NA,0.2,0.3,0.5,NA
"ATATG",NA,0.0754716981132075,0.452830188679245,0.471698113207547,NA
"ATATT",NA,0.133333333333333,0.433333333333333,0.433333333333333,NA
"ATATN",NA,0.141263757861635,0.452790880503145,0.40594536163522,NA
"ATANA",NA,0.145151015571274,0.537095367914333,0.317753616514392,NA
"ATANC",NA,0.122083970830767,0.45596528702287,0.421950742146363,NA
"ATANG",NA,0.101693694761456,0.504942000979437,0.393364304259107,NA
"ATANT",NA,0.139322415653091,0.488033552887399,0.372644031459511,NA
"ATANN",NA,0.127062774204147,0.49650905220101,0.376428173594843,NA
"ATCAA",0.135416666666667,NA,0.104166666666667,0.760416666666667,NA
"ATCAC",0.0754716981132075,NA,0.0754716981132075,0.849056603773585,NA
"ATCAG",0.105555555555556,NA,0.0888888888888889,0.805555555555556,NA
"ATCAT",0.135964912280702,NA,0.0701754385964912,0.793859649122807,NA
"ATCAN",0.113102208154033,NA,0.0846756730663136,0.802222118779654,NA
"ATCCA",0.0970873786407767,NA,0.058252427184466,0.844660194174757,NA
"ATCCC",0.130434782608696,NA,0.0217391304347826,0.847826086956522,NA
"ATCCG",0.135831381733021,NA,0.0491803278688525,0.814988290398126,NA
"ATCCT",0.166666666666667,NA,0.0333333333333333,0.8,NA
"ATCCN",0.13250505241229,NA,0.0406263047053586,0.826868642882351,NA
"ATCGA",0.116279069767442,NA,0.0232558139534884,0.86046511627907,NA
"ATCGC",0.08,NA,0.02,0.9,NA
"ATCGG",0.0909090909090909,NA,0.0454545454545455,0.863636363636364,NA
"ATCGT",0.0833333333333333,NA,0.0208333333333333,0.895833333333333,NA
"ATCGN",0.0926303735024665,NA,0.0273859231853418,0.879983703312192,NA
"ATCTA",0.173913043478261,NA,0.173913043478261,0.652173913043478,NA
"ATCTC",0.0792349726775956,NA,0.103825136612022,0.816939890710383,NA
"ATCTG",0.137931034482759,NA,0.160919540229885,0.701149425287356,NA
"ATCTT",0.0930232558139535,NA,0.116279069767442,0.790697674418605,NA
"ATCTN",0.121025576613142,NA,0.138734197521902,0.740240225864955,NA
"ATCNA",0.130674039638287,NA,0.0898969878207205,0.779428972540993,NA
"ATCNC",0.0912853633498747,NA,0.055258991290003,0.853455645360122,NA
"ATCNG",0.117556765670107,NA,0.086110825610543,0.796332408719351,NA
"ATCNT",0.119747042023664,NA,0.0601552937576499,0.820097664218686,NA
"ATCNN",0.114815802670483,NA,0.0728555246197291,0.812328672709788,NA
"ATGAA",0.817982456140351,0.0657894736842105,NA,0.116228070175439,NA
"ATGAC",0.826879271070615,0.0683371298405467,NA,0.104783599088838,NA
"ATGAG",0.813364055299539,0.0783410138248848,NA,0.108294930875576,NA
"ATGAT",0.813636363636364,0.0772727272727273,NA,0.109090909090909,NA
"ATGAN",0.817965536536717,0.0724350861555923,NA,0.10959937730769,NA
"ATGCA",0.819095477386935,0.0402010050251256,NA,0.14070351758794,NA
"ATGCC",0.788959171937895,0.133985048878666,NA,0.0770557791834388,NA
"ATGCG",0.788959171937895,0.133985048878666,NA,0.0770557791834388,NA
"ATGCT",0.821656050955414,0.0636942675159236,NA,0.114649681528662,NA
"ATGCN",0.804667468054535,0.0929663425745953,NA,0.10236618937087,NA
"ATGGA",0.898305084745763,0.0338983050847458,NA,0.0677966101694915,NA
"ATGGC",0.810763888888889,0.0625,NA,0.126736111111111,NA
"ATGGG",0.801029159519726,0.0754716981132075,NA,0.123499142367067,NA
"ATGGT",0.818181818181818,0.0606060606060606,NA,0.121212121212121,NA
"ATGGN",0.832069987834049,0.0581190159510035,NA,0.109810996214948,NA
"ATGTA",0.868421052631579,0.0131578947368421,NA,0.118421052631579,NA
"ATGTC",0.82306338028169,0.0580985915492958,NA,0.118838028169014,NA
"ATGTG",0.833333333333333,0.0833333333333333,NA,0.0833333333333333,NA
"ATGTT",0.777777777777778,0.0707070707070707,NA,0.151515151515152,NA
"ATGTN",0.825648886006095,0.0563242225816355,NA,0.118026891412269,NA
"ATGNA",0.850951017726157,0.038261669632731,NA,0.110787312641112,NA
"ATGNC",0.812416428044772,0.0807301925671271,NA,0.106853379388101,NA
"ATGNG",0.809171430022623,0.0927827735375229,NA,0.0980457964398538,NA
"ATGNT",0.807813002637843,0.0680700315254455,NA,0.124116965836711,NA
"ATGNN",0.820087969607849,0.0699611668157066,NA,0.109950863576444,NA
"ATTAA",0.306620209059233,0.520905923344948,0.172473867595819,NA,NA
"ATTAC",0.316239316239316,0.435897435897436,0.247863247863248,NA,NA
"ATTAG",0.133333333333333,0.766666666666667,0.1,NA,NA
"ATTAT",0.261538461538462,0.584615384615385,0.153846153846154,NA,NA
"ATTAN",0.254432830042586,0.577021352631109,0.168545817326305,NA,NA
"ATTCA",0.134228187919463,0.590604026845638,0.275167785234899,NA,NA
"ATTCC",0.128378378378378,0.621621621621622,0.25,NA,NA
"ATTCG",0.135714285714286,0.6,0.264285714285714,NA,NA
"ATTCT",0.125,0.6,0.275,NA,NA
"ATTCN",0.130830213003032,0.603056412116815,0.266113374880153,NA,NA
"ATTGA",0.268041237113402,0.577319587628866,0.154639175257732,NA,NA
"ATTGC",0.25,0.59375,0.15625,NA,NA
"ATTGG",0.24,0.61,0.15,NA,NA
"ATTGT",0.227272727272727,0.618181818181818,0.154545454545455,NA,NA
"ATTGN",0.246328491096532,0.599812851452671,0.153858657450797,NA,NA
"ATTTA",0.206896551724138,0.724137931034483,0.0689655172413793,NA,NA
"ATTTC",0.157894736842105,0.710526315789474,0.131578947368421,NA,NA
"ATTTG",0.170731707317073,0.673170731707317,0.15609756097561,NA,NA
"ATTTT",0.185365853658537,0.682926829268293,0.131707317073171,NA,NA
"ATTTN",0.180222212385463,0.697690451949892,0.122087335664645,NA,NA
"ATTNA",0.228946546454059,0.603241867213483,0.167811586332457,NA,NA
"ATTNC",0.21312810786495,0.590448843327133,0.196423048807917,NA,NA
"ATTNG",0.169944831591173,0.662459349593496,0.167595818815331,NA,NA
"ATTNT",0.199794260617431,0.621431008016374,0.178774731366195,NA,NA
"ATTNN",0.202953436631903,0.619395267037621,0.177651296330475,NA,NA
"ATNAA",NA,NA,NA,NA,NA
"ATNAC",NA,NA,NA,NA,NA
"ATNAG",NA,NA,NA,NA,NA
"ATNAT",NA,NA,NA,NA,NA
"ATNAN",NA,NA,NA,NA,NA
"ATNCA",NA,NA,NA,NA,NA
"ATNCC",NA,NA,NA,NA,NA
"ATNCG",NA,NA,NA,NA,NA
"ATNCT",NA,NA,NA,NA,NA
"ATNCN",NA,NA,NA,NA,NA
"ATNGA",NA,NA,NA,NA,NA
"ATNGC",NA,NA,NA,NA,NA
"ATNGG",NA,NA,NA,NA,NA
"ATNGT",NA,NA,NA,NA,NA
"ATNGN",NA,NA,NA,NA,NA
"ATNTA",NA,NA,NA,NA,NA
"ATNTC",NA,NA,NA,NA,NA
"ATNTG",NA,NA,NA,NA,NA
"ATNTT",NA,NA,NA,NA,NA
"ATNTN",NA,NA,NA,NA,NA
"ATNNA",NA,NA,NA,NA,NA
"ATNNC",NA,NA,NA,NA,NA
"ATNNG",NA,NA,NA,NA,NA
"ATNNT",NA,NA,NA,NA,NA
"ATNNN",NA,NA,NA,NA,NA
"ANAAA",NA,0.210880700499203,0.598761723653551,0.190357575847246,NA
"ANAAC",NA,0.200188228151495,0.568385556781537,0.231426215066968,NA
"ANAAG",NA,0.201971286359822,0.569638841531744,0.228389872108434,NA
"ANAAT",NA,0.186051199706091,0.632057895748753,0.181890904545156,NA
"ANAAN",NA,0.199772853679153,0.592211004428896,0.208016141891951,NA
"ANACA",NA,0.176627317556617,0.511062716370676,0.312309966072707,NA
"ANACC",NA,0.170477761177194,0.509311869143577,0.320210369679229,NA
"ANACG",NA,0.185221654489136,0.50287429446048,0.311904051050383,NA
"ANACT",NA,0.197110552763819,0.469623717101863,0.333265730134318,NA
"ANACN",NA,0.182359321496692,0.498218149269149,0.319422529234159,NA
"ANAGA",NA,0.154483413179065,0.680014462623158,0.165502124197776,NA
"ANAGC",NA,0.13342192142222,0.667136869558455,0.199441209019325,NA
"ANAGG",NA,0.130424873131167,0.652468305308003,0.21710682156083,NA
"ANAGT",NA,0.158654431618061,0.650737352859674,0.190608215522265,NA
"ANAGN",NA,0.144246159837628,0.662589247587323,0.193164592575049,NA
"ANATA",NA,0.189053608047585,0.548792615509701,0.262153776442714,NA
"ANATC",NA,0.193822674418605,0.460265261627907,0.345912063953488,NA
"ANATG",NA,0.152105275412712,0.558607245510686,0.289287479076602,NA
"ANATT",NA,0.140211782653565,0.467191636379952,0.392596580966483,NA
"ANATN",NA,0.168798335133116,0.508714189757062,0.322487475109822,NA
"ANANA",NA,0.182761259820617,0.584657879539272,0.232580860640111,NA
"ANANC",NA,0.174477646292378,0.551274889277869,0.274247464429753,NA
"ANANG",NA,0.167430772348209,0.570897171702728,0.261672055949063,NA
"ANANT",NA,0.170506991685384,0.55490265052256,0.274590357792055,NA
"ANANN",NA,0.173794167536647,0.565433147760607,0.260772684702745,NA
"ANCAA",0.100602408836332,NA,0.144541803640459,0.754855787523209,NA
"ANCAC",0.12530559415657,NA,0.0684473350173475,0.806247070826083,NA
"ANCAG",0.0982676642462641,NA,0.0739215192862741,0.827810816467462,NA
"ANCAT",0.151409712317807,NA,0.0515932097262323,0.796997077955961,NA
"ANCAN",0.118896344889243,NA,0.0846259669175782,0.796477688193179,NA
"ANCCA",0.133752073469012,NA,0.160446842611298,0.70580108391969,NA
"ANCCC",0.120949529466664,NA,0.082398786552441,0.796651683980895,NA
"ANCCG",0.137052202509274,NA,0.0923940818187537,0.770553715671972,NA
"ANCCT",0.139669056693151,NA,0.0702655226119473,0.790065420694902,NA
"ANCCN",0.132855715534525,NA,0.10137630839861,0.765767976066865,NA
"ANCGA",0.140041738026961,NA,0.0553320155357425,0.804626246437296,NA
"ANCGC",0.136590817295846,NA,0.0532216656692087,0.810187517034946,NA
"ANCGG",0.135226740519118,NA,0.0607995047397195,0.803973754741163,NA
"ANCGT",0.137203616081537,NA,0.0579007570400146,0.804895626878449,NA
"ANCGN",0.137265727980865,NA,0.0568134857461713,0.805920786272963,NA
"ANCTA",0.114625816442486,NA,0.221707063281542,0.663667120275973,NA
"ANCTC",0.0358028824285802,NA,0.204664487874855,0.759532629696564,NA
"ANCTG",0.089896420479664,NA,0.173818627044651,0.736284952475685,NA
"ANCTT",0.135272242146387,NA,0.211535321230944,0.653192436622669,NA
"ANCTN",0.0938993403742793,NA,0.202931374857998,0.703169284767723,NA
"ANCNA",0.122255509193697,NA,0.14550693126726,0.732237559539042,NA
"ANCNC",0.104662205836915,NA,0.102183068778463,0.793154725384622,NA
"ANCNG",0.11511075693858,NA,0.10023343322235,0.784655809839071,NA
"ANCNT",0.14088865680972,NA,0.0978237026522845,0.761287640537995,NA
"ANCNN",0.120729282194728,NA,0.111436783980089,0.767833933825183,NA
"ANGAA",0.815312656922371,0.0744939463382405,NA,0.110193396739389,NA
"ANGAC",0.811266161796469,0.0800403692225673,NA,0.108693468980964,NA
"ANGAG",0.79390145029939,0.0998403984796897,NA,0.10625815122092,NA
"ANGAT",0.790847771631354,0.08349598163031,NA,0.125656246738336,NA
"ANGAN",0.802832010162396,0.0844676739177019,NA,0.112700315919902,NA
"ANGCA",0.78811724284071,0.122592921939012,NA,0.0892898352202781,NA
"ANGCC",0.800047880275873,0.107092218573967,NA,0.0928599011501601,NA
"ANGCG",0.798149979568347,0.130515571411534,NA,0.0713344490201186,NA
"ANGCT",0.801216545544996,0.113333066725304,NA,0.0854503877296997,NA
"ANGCN",0.796882912057482,0.118383444662454,NA,0.0847336432800641,NA
"ANGGA",0.833069807694842,0.083439508635601,NA,0.0834906836695568,NA
"ANGGC",0.807359157454516,0.0959639510123765,NA,0.0966768915331071,NA
"ANGGG",0.807202353984572,0.0950979439093115,NA,0.0976997021061169,NA
"ANGGT",0.813151802313979,0.0913378866270483,NA,0.0955103110589732,NA
"ANGGN",0.815195780361977,0.0914598225460843,NA,0.0933443970919385,NA
"ANGTA",0.772856213728237,0.0983187829364285,NA,0.128825003335335,NA
"ANGTC",0.758479023364996,0.131135943568387,NA,0.110385033066617,NA
"ANGTG",0.793314850556664,0.109668700317315,NA,0.0970164491260209,NA
"ANGTT",0.726669302129454,0.0954234469936557,NA,0.17790725087689,NA
"ANGTN",0.762829847444838,0.108636718453947,NA,0.128533434101216,NA
"ANGNA",0.80233898029654,0.0947112899623206,NA,0.10294972974114,NA
"ANGNC",0.794288055722964,0.103558120594324,NA,0.102153823682712,NA
"ANGNG",0.798142158602243,0.108780653529463,NA,0.0930771878682941,NA
"ANGNT",0.782971355404946,0.0958975954940795,NA,0.121131049100975,NA
"ANGNN",0.794435137506673,0.100736914895047,NA,0.10482794759828,NA
"ANTAA",0.37121892524483,0.43997463899278,0.188806435762389,NA,NA
"ANTAC",0.425138260432378,0.380311257370081,0.194550482197541,NA,NA
"ANTAG",0.326994533244533,0.499653818403818,0.173351648351648,NA,NA
"ANTAT",0.288877836722664,0.473868994989685,0.237253168287651,NA,NA
"ANTAN",0.353057388911101,0.448452177439091,0.198490433649807,NA,NA
"ANTCA",0.260684147820202,0.521889452089561,0.217426400090237,NA,NA
"ANTCC",0.167576209302828,0.647261920193575,0.185161870503597,NA,NA
"ANTCG",0.180907543536924,0.6177336654921,0.201358790970976,NA,NA
"ANTCT",0.173148579488824,0.643350291642471,0.183501128868705,NA,NA
"ANTCN",0.195579120037194,0.607558832354427,0.196862047608379,NA,NA
"ANTGA",0.316439337788459,0.515274953846557,0.168285708364984,NA,NA
"ANTGC",0.315260633226573,0.522133922917002,0.162605443856425,NA,NA
"ANTGG",0.298646456956316,0.520394302753458,0.180959240290226,NA,NA
"ANTGT",0.309187813074154,0.527042956948665,0.163769229977181,NA,NA
"ANTGN",0.309883560261375,0.52121153411642,0.168904905622204,NA,NA
"ANTTA",0.19478960617016,0.590622857248144,0.214587536581696,NA,NA
"ANTTC",0.19096589889157,0.606709502021867,0.202324599086563,NA,NA
"ANTTG",0.224542422124392,0.572044108646818,0.20341346922879,NA,NA
"ANTTT",0.203669561428451,0.600371981496693,0.195958457074856,NA,NA
"ANTTN",0.203491872153643,0.592437112353381,0.204071015492976,NA,NA
"ANTNA",0.285783004255913,0.51694047554426,0.197276520199827,NA,NA
"ANTNC",0.274735250463337,0.539104150625631,0.186160598911032,NA,NA
"ANTNG",0.257772738965541,0.552456473824049,0.18977078721041,NA,NA
"ANTNT",0.243720947678523,0.561158556269379,0.195120496052098,NA,NA
"ANTNN",0.265502985340829,0.54241491406583,0.192082100593342,NA,NA
"ANNAA",NA,NA,NA,NA,NA
"ANNAC",NA,NA,NA,NA,NA
"ANNAG",NA,NA,NA,NA,NA
"ANNAT",NA,NA,NA,NA,NA
"ANNAN",NA,NA,NA,NA,NA
"ANNCA",NA,NA,NA,NA,NA
"ANNCC",NA,NA,NA,NA,NA
"ANNCG",NA,NA,NA,NA,NA
"ANNCT",NA,NA,NA,NA,NA
"ANNCN",NA,NA,NA,NA,NA
"ANNGA",NA,NA,NA,NA,NA
"ANNGC",NA,NA,NA,NA,NA
"ANNGG",NA,NA,NA,NA,NA
"ANNGT",NA,NA,NA,NA,NA
"ANNGN",NA,NA,NA,NA,NA
"ANNTA",NA,NA,NA,NA,NA
"ANNTC",NA,NA,NA,NA,NA
"ANNTG",NA,NA,NA,NA,NA
"ANNTT",NA,NA,NA,NA,NA
"ANNTN",NA,NA,NA,NA,NA
"ANNNA",NA,NA,NA,NA,NA
"ANNNC",NA,NA,NA,NA,NA
"ANNNG",NA,NA,NA,NA,NA
"ANNNT",NA,NA,NA,NA,NA
"ANNNN",NA,NA,NA,NA,NA
"CAAAA",NA,0.24,0.64,0.12,NA
"CAAAC",NA,0.257142857142857,0.628571428571429,0.114285714285714,NA
"CAAAG",NA,0.102040816326531,0.653061224489796,0.244897959183673,NA
"CAAAT",NA,0.151515151515152,0.787878787878788,0.0606060606060606,NA
"CAAAN",NA,0.187674706246135,0.677377860235003,0.134947433518862,NA
"CAACA",NA,0.0892857142857143,0.821428571428571,0.0892857142857143,NA
"CAACC",NA,0.23943661971831,0.605633802816901,0.154929577464789,NA
"CAACG",NA,0.144607843137255,0.632352941176471,0.223039215686275,NA
"CAACT",NA,0.143540669856459,0.633971291866029,0.222488038277512,NA
"CAACN",NA,0.154217711749435,0.673346651821993,0.172435636428572,NA
"CAAGA",NA,0.135135135135135,0.756756756756757,0.108108108108108,NA
"CAAGC",NA,0.137931034482759,0.793103448275862,0.0689655172413793,NA
"CAAGG",NA,0.216666666666667,0.683333333333333,0.1,NA
"CAAGT",NA,0.0561797752808989,0.820224719101124,0.123595505617978,NA
"CAAGN",NA,0.136478152891365,0.763354564366769,0.100167282741866,NA
"CAATA",NA,0.154738878143133,0.58027079303675,0.264990328820116,NA
"CAATC",NA,0.230769230769231,0.530769230769231,0.238461538461538,NA
"CAATG",NA,0.032258064516129,0.870967741935484,0.0967741935483871,NA
"CAATT",NA,0.161764705882353,0.5,0.338235294117647,NA
"CAATN",NA,0.144882719827712,0.620501941435366,0.234615338736922,NA
"CAANA",NA,0.154789931890996,0.69961403030552,0.145596037803485,NA
"CAANC",NA,0.216319935528289,0.639519477608356,0.144160586863355,NA
"CAANG",NA,0.123893347661645,0.709928810233771,0.166177842104584,NA
"CAANT",NA,0.128250075633716,0.685518699711485,0.186231224654799,NA
"CAANN",NA,0.155813322678661,0.683645254464783,0.160541422856556,NA
"CACAA",0.155555555555556,NA,0.133333333333333,0.711111111111111,NA
"CACAC",0.126829268292683,NA,0.0839024390243902,0.789268292682927,NA
"CACAG",0.169811320754717,NA,0.0188679245283019,0.811320754716981,NA
"CACAT",0.265060240963855,NA,0.036144578313253,0.698795180722892,NA
"CACAN",0.179314096391703,NA,0.0680620687998196,0.752623834808478,NA
"CACCA",0.111111111111111,NA,0.111111111111111,0.777777777777778,NA
"CACCC",0.140625,NA,0.0625,0.796875,NA
"CACCG",0.109034267912773,NA,0.109034267912773,0.781931464174455,NA
"CACCT",0.25,NA,0.107142857142857,0.642857142857143,NA
"CACCN",0.152692594755971,NA,0.0974470590416852,0.749860346202344,NA
"CACGA",0.0740740740740741,NA,0.037037037037037,0.888888888888889,NA
"CACGC",0.0645161290322581,NA,0.0645161290322581,0.870967741935484,NA
"CACGG",0.0740740740740741,NA,0.037037037037037,0.888888888888889,NA
"CACGT",0.0740740740740741,NA,0.037037037037037,0.888888888888889,NA
"CACGN",0.0716845878136201,NA,0.0439068100358423,0.884408602150538,NA
"CACTA",0.1,NA,0.2,0.7,NA
"CACTC",0.134615384615385,NA,0.192307692307692,0.673076923076923,NA
"CACTG",0.0857142857142857,NA,0.152380952380952,0.761904761904762,NA
"CACTT",0.0483870967741935,NA,0.217741935483871,0.733870967741935,NA
"CACTN",0.092179191775966,NA,0.190607645043129,0.717213163180905,NA
"CACNA",0.110185185185185,NA,0.12037037037037,0.769444444444444,NA
"CACNC",0.116646445485081,NA,0.100806565091085,0.782546989423833,NA
"CACNG",0.109658487113962,NA,0.079330045464766,0.811011467421272,NA
"CACNT",0.159380352953031,NA,0.0995166019942545,0.741103045052715,NA
"CACNN",0.123967617684315,NA,0.100005895730119,0.776026486585566,NA
"CAGAA",0.847826086956522,0.130434782608696,NA,0.0217391304347826,NA
